

#include <math.h>

#define abs(x) (x < 0 ? -x : x)

#ifdef BUILD_DLL
#define EXPORT __declspec(dllexport)
#else
#define EXPORT __declspec(dllimport)
#endif

const double EPS = 1e-10; // for checking 0

#define N 19

double A[N][N];
double det;

void sswap(int i, int j) {
    for (int k = 0; k < N; k++) {
        double tmp = A[i][k];
        A[i][k]= A[j][k];
        A[j][k] = tmp;
    }
    det *= -1.0;
}

void add(int i, int j, double k) {
    for (int q = 0; q < N; q++) {
        A[j][q] += k * A[i][q];
    }
}

void scale(int i, double k) {
    for (int j = 0; j < N; j++) {
        A[i][j] *= k;
    }
    det *= 1.0/k;
}

EXPORT double __stdcall R(double x1, double x2, double x3, double x4) {
    double norm = x1*x1 + x2*x2 + x3*x3 + x4*x4;
    det = 1.0;
	double B[N][N] = {{norm + 3.00000000000000,0.000000000000000,0.000000000000000,-0.677022313886423*x2,0.000000000000000,-1.65579007923706*x2,1.54919333848297*x3,1.54919333848297*x4,1.17961196366423e-16,0.000000000000000,0.000000000000000,0.000000000000000,8.32667268468867e-17,0.000000000000000,0.000000000000000,0.000000000000000,-8.32667268468867e-17,0.000000000000000,0.000000000000000},
{0.000000000000000,norm + 3.00000000000000,0.000000000000000,1.77246742889676*x3,-1.54919333848297*x4,0.241576516863966*x3,1.54919333848297*x2,0.000000000000000,0.000000000000000,9.71445146547012e-17,0.000000000000000,0.000000000000000,0.000000000000000,-1.11022302462516e-16,0.000000000000000,0.000000000000000,0.000000000000000,5.55111512312578e-17,0.000000000000000},
{0.000000000000000,0.000000000000000,norm + 3.00000000000000,-1.09544511501033*x4,-1.54919333848297*x3,1.41421356237309*x4,0.000000000000000,1.54919333848297*x2,0.000000000000000,0.000000000000000,-5.55111512312578e-17,0.000000000000000,0.000000000000000,0.000000000000000,-2.77555756156289e-17,0.000000000000000,0.000000000000000,0.000000000000000,-8.32667268468867e-17},
{-0.677022313886423*x2,1.77246742889676*x3,-1.09544511501033*x4,norm + 3.00000000000000,0.000000000000000,1.66533453693773e-16,0.000000000000000,0.000000000000000,-0.365148371670111*x2,-0.365148371670111*x3,0.730296743340221*x4,-5.55111512312578e-17,-1.26848976277764*x2,1.71293420722208*x3,-0.444444444444444*x4,0.000000000000000,-0.750448664063761*x2,1.01338554331263*x3,-0.262936879248872*x4},
{0.000000000000000,-1.54919333848297*x4,-1.54919333848297*x3,0.000000000000000,norm + 3.00000000000000,0.000000000000000,0.000000000000000,0.000000000000000,0.000000000000000,0.319151379442465*x4,-0.835549158936787*x3,-1.40545673785261*x2,1.38777878078145e-17,1.64553741050837*x4,0.240080672655757*x3,-0.831479419283098*x2,2.08166817117217e-16,0.973513060664266*x4,0.142033641381168*x3},
{-1.65579007923706*x2,0.241576516863966*x3,1.41421356237309*x4,1.66533453693773e-16,0.000000000000000,norm + 3.00000000000000,0.000000000000000,0.000000000000000,0.632455532033676*x2,-0.632455532033676*x3,0.000000000000000,2.77555756156289e-17,-1.24556314528362*x2,-0.475762786364120*x3,1.72132593164774*x4,-5.55111512312578e-17,-0.736885094238640*x2,-0.281465060195991*x3,1.01835015443463*x4},
{1.54919333848297*x3,1.54919333848297*x2,0.000000000000000,0.000000000000000,0.000000000000000,0.000000000000000,norm + 3.00000000000000,0.000000000000000,-0.319151379442465*x3,0.835549158936787*x2,0.000000000000000,1.40545673785261*x4,-1.64553741050837*x3,-0.240080672655757*x2,-1.38777878078145e-17,0.831479419283098*x4,-0.973513060664266*x3,-0.142033641381168*x2,-2.08166817117217e-16},
{1.54919333848297*x4,0.000000000000000,1.54919333848297*x2,0.000000000000000,0.000000000000000,0.000000000000000,0.000000000000000,norm + 3.00000000000000,0.835549158936787*x4,0.000000000000000,-0.319151379442465*x2,1.40545673785261*x3,-0.240080672655757*x4,-1.38777878078145e-17,-1.64553741050837*x2,0.831479419283098*x3,-0.142033641381168*x4,-2.08166817117217e-16,-0.973513060664266*x2},
{1.17961196366423e-16,0.000000000000000,0.000000000000000,-0.365148371670111*x2,0.000000000000000,0.632455532033676*x2,-0.319151379442465*x3,0.835549158936787*x4,norm + 3.00000000000000,0.000000000000000,0.000000000000000,-0.831479419283098*x2,1.52655665885959e-16,-0.513882542062979*x4,-1.34536196134608*x3,1.40545673785261*x2,-4.16333634234434e-17,0.868620033710466*x4,2.27407677156308*x3},
{0.000000000000000,9.71445146547012e-17,0.000000000000000,-0.365148371670111*x3,0.319151379442465*x4,-0.632455532033676*x3,0.835549158936787*x2,0.000000000000000,0.000000000000000,norm + 3.00000000000000,0.000000000000000,-0.831479419283098*x3,-1.34536196134608*x4,1.38777878078145e-16,-0.513882542062979*x2,1.40545673785261*x3,2.27407677156308*x4,2.77555756156289e-17,0.868620033710466*x2},
{0.000000000000000,0.000000000000000,-5.55111512312578e-17,0.730296743340221*x4,-0.835549158936787*x3,0.000000000000000,0.000000000000000,-0.319151379442465*x2,0.000000000000000,0.000000000000000,norm + 3.00000000000000,-0.831479419283098*x4,-0.513882542062979*x3,-1.34536196134608*x2,1.52655665885959e-16,1.40545673785261*x4,0.868620033710466*x3,2.27407677156308*x2,2.77555756156289e-17},
{0.000000000000000,0.000000000000000,0.000000000000000,-5.55111512312578e-17,-1.40545673785261*x2,2.77555756156289e-17,1.40545673785261*x4,1.40545673785261*x3,-0.831479419283098*x2,-0.831479419283098*x3,-0.831479419283098*x4,norm + 3.00000000000000,0.000000000000000,0.000000000000000,0.000000000000000,0.000000000000000,1.15470053837925*x2,1.15470053837925*x3,1.15470053837925*x4},
{8.32667268468867e-17,0.000000000000000,0.000000000000000,-1.26848976277764*x2,1.38777878078145e-17,-1.24556314528362*x2,-1.64553741050837*x3,-0.240080672655757*x4,1.52655665885959e-16,-1.34536196134608*x4,-0.513882542062979*x3,0.000000000000000,norm + 3.00000000000000,0.000000000000000,0.000000000000000,-1.15470053837925*x2,1.05818132034585e-16,-1.15470053837925*x4,1.15470053837925*x3},
{0.000000000000000,-1.11022302462516e-16,0.000000000000000,1.71293420722208*x3,1.64553741050837*x4,-0.475762786364120*x3,-0.240080672655757*x2,-1.38777878078145e-17,-0.513882542062979*x4,1.38777878078145e-16,-1.34536196134608*x2,0.000000000000000,0.000000000000000,norm + 3.00000000000000,0.000000000000000,-1.15470053837925*x3,1.15470053837925*x4,1.73472347597681e-18,-1.15470053837925*x2},
{0.000000000000000,0.000000000000000,-2.77555756156289e-17,-0.444444444444444*x4,0.240080672655757*x3,1.72132593164774*x4,-1.38777878078145e-17,-1.64553741050837*x2,-1.34536196134608*x3,-0.513882542062979*x2,1.52655665885959e-16,0.000000000000000,0.000000000000000,0.000000000000000,norm + 3.00000000000000,-1.15470053837925*x4,-1.15470053837925*x3,1.15470053837925*x2,2.25514051876985e-17},
{0.000000000000000,0.000000000000000,0.000000000000000,0.000000000000000,-0.831479419283098*x2,-5.55111512312578e-17,0.831479419283098*x4,0.831479419283098*x3,1.40545673785261*x2,1.40545673785261*x3,1.40545673785261*x4,0.000000000000000,-1.15470053837925*x2,-1.15470053837925*x3,-1.15470053837925*x4,norm + 3.00000000000000,0.000000000000000,0.000000000000000,0.000000000000000},
{-8.32667268468867e-17,0.000000000000000,0.000000000000000,-0.750448664063761*x2,2.08166817117217e-16,-0.736885094238640*x2,-0.973513060664266*x3,-0.142033641381168*x4,-4.16333634234434e-17,2.27407677156308*x4,0.868620033710466*x3,1.15470053837925*x2,1.05818132034585e-16,1.15470053837925*x4,-1.15470053837925*x3,0.000000000000000,norm + 3.00000000000000,0.000000000000000,0.000000000000000},
{0.000000000000000,5.55111512312578e-17,0.000000000000000,1.01338554331263*x3,0.973513060664266*x4,-0.281465060195991*x3,-0.142033641381168*x2,-2.08166817117217e-16,0.868620033710466*x4,2.77555756156289e-17,2.27407677156308*x2,1.15470053837925*x3,-1.15470053837925*x4,1.73472347597681e-18,1.15470053837925*x2,0.000000000000000,0.000000000000000,norm + 3.00000000000000,0.000000000000000},
{0.000000000000000,0.000000000000000,-8.32667268468867e-17,-0.262936879248872*x4,0.142033641381168*x3,1.01835015443463*x4,-2.08166817117217e-16,-0.973513060664266*x2,2.27407677156308*x3,0.868620033710466*x2,2.77555756156289e-17,1.15470053837925*x4,1.15470053837925*x3,-1.15470053837925*x2,2.25514051876985e-17,0.000000000000000,0.000000000000000,0.000000000000000,norm + 3.00000000000000}};
    for (int i = 0; i < N; i++) {
        for (int j = 0; j < N; j++) {
            A[i][j] = B[i][j];
        }
    }

    for (int i = 0; i < N; i++) {
        if (A[i][i] == 0) {
            for (int j = i+1; j < N; j++) {
                if (abs(A[j][i]) > EPS) {
                    sswap(i, j);
                    break;
                }
            }
        }
        if (abs(A[i][i]) <= EPS) {
            return 0;
        }

        double k = 1.0/A[i][i];
        
        scale(i, k);
        for (int j = 0; j < N; j++) {
            if (i != j) {
                add(i, j, -A[j][i]);
            }
        }
    }
    return det;
}

EXPORT double __stdcall logR(double x1, double x2, double x3, double x4) {
    return log(R(x1,x2,x3,x4));
}

EXPORT double __stdcall D2logR(double x1, double x2, double x3, double x4) {
    double h = 0.001;
    double d2x1 = (logR(x1+h,x2,x3,x4)-2*logR(x1,x2,x3,x4)+logR(x1-h,x2,x3,x4))/(h*h);
    double d2x2 = (logR(x1,x2+h,x3,x4)-2*logR(x1,x2,x3,x4)+logR(x1,x2-h,x3,x4))/(h*h);
    double d2x3 = (logR(x1,x2,x3+h,x4)-2*logR(x1,x2,x3,x4)+logR(x1,x2,x3-h,x4))/(h*h);
    double d2x4 = (logR(x1,x2,x3,x4+h)-2*logR(x1,x2,x3,x4)+logR(x1,x2,x3,x4-h))/(h*h);
    return d2x1 + d2x2 + d2x3 + d2x4;
}

EXPORT double __stdcall D2D2logR(double x1, double x2, double x3, double x4) {
    double h = 0.001;
    double d2x1 = (D2logR(x1+h,x2,x3,x4)-2*D2logR(x1,x2,x3,x4)+D2logR(x1-h,x2,x3,x4))/(h*h);
    double d2x2 = (D2logR(x1,x2+h,x3,x4)-2*D2logR(x1,x2,x3,x4)+D2logR(x1,x2-h,x3,x4))/(h*h);
    double d2x3 = (D2logR(x1,x2,x3+h,x4)-2*D2logR(x1,x2,x3,x4)+D2logR(x1,x2,x3-h,x4))/(h*h);
    double d2x4 = (D2logR(x1,x2,x3,x4+h)-2*D2logR(x1,x2,x3,x4)+D2logR(x1,x2,x3,x4-h))/(h*h);
    return d2x1 + d2x2 + d2x3 + d2x4;
}
